Index,x,y,z
0,-0.035888672,0.6596985,10.073547,
1,-0.034942627,0.6628113,10.07666,
2,-0.030395508,0.65922546,10.07666,
3,-0.03277588,0.65875244,10.076172,
4,-0.028717041,0.65875244,10.077377,
5,-0.033493042,0.66185,10.075455,
6,-0.0284729,0.6563568,10.077133,
7,-0.01651001,0.64894104,10.12738,
8,-0.036605835,0.66018677,10.101059,
9,-0.03086853,0.66496277,10.096512,
10,-0.03111267,0.65922546,10.092926,
11,-0.030151367,0.65371704,10.092682,
12,-0.033981323,0.6573181,10.090775,
13,-0.029907227,0.65826416,10.089813,
14,-0.030151367,0.65730286,10.087662,
15,-0.032302856,0.6599426,10.086945,
16,-0.030151367,0.6589813,10.085266,
17,-0.03326416,0.65730286,10.085754,
18,-0.028244019,0.6599426,10.085266,
19,-0.029907227,0.66018677,10.084549,
20,-0.027999878,0.6589813,10.083115,
21,-0.03302002,0.6611328,10.083832,
22,-0.03565979,0.65802,10.074982,
23,-0.024414062,0.65802,10.086945,
24,-0.03326416,0.6501312,10.090057,
25,-0.034210205,0.65586853,10.08934,
26,-0.039245605,0.6496582,10.072342,
27,-0.04307556,0.66441345,10.149551,
28,-0.0382843,0.66918945,10.153549,
29,-0.051849365,0.66600037,10.15036,
30,-0.0382843,0.6771698,10.154343,
31,-0.05343628,0.66441345,10.149567,
32,-0.04147339,0.6699829,10.148758,
33,-0.04147339,0.63967896,10.147156,
34,-0.0423584,0.6647339,10.126907,
35,-0.046417236,0.66926575,10.113022,
36,9.613037E-4,0.6305084,10.145325,
37,-0.051208496,0.6673584,10.078812,
38,-0.032058716,0.65730286,10.105606,
39,-0.03804016,0.6587372,10.105606,
40,-0.034225464,0.65467834,10.104889,
41,-0.036132812,0.65922546,10.102982,
42,-0.0335083,0.66137695,10.106079,
43,-0.0284729,0.66041565,10.102493,
44,-0.03086853,0.6522827,10.106079,
45,-0.03565979,0.6585083,10.103699,
46,-0.025604248,0.65586853,10.100815,
47,-0.036849976,0.6565857,10.105362,
48,-0.03326416,0.657074,10.105606,
49,-0.03781128,0.6553955,10.105606,
50,-0.032073975,0.6544342,10.103699,
51,-0.03541565,0.65515137,10.099869,
52,-0.032546997,0.65563965,10.10321,
53,-0.03565979,0.6542053,10.102737,
54,-0.03756714,0.65275574,10.103928,
55,-0.033737183,0.64797974,10.105377,
56,-0.036132812,0.6529999,10.10321,
57,-0.03541565,0.6508484,10.10321,
58,-0.037322998,0.65156555,10.101776,
59,-0.029907227,0.64749146,10.093399,
60,-1.8225403,0.44665527,10.3641205,
61,-2.0873413,0.30628967,9.533005,
62,-2.6153564,1.2139587,9.889542,
63,-3.257431,1.2881317,9.748352,
64,-5.4585114,0.33355713,8.656509,
65,-5.021103,0.17851257,9.201355,
66,-1.8520508,-0.21272278,12.115814,
67,-0.7046814,3.722992,7.8999023,
68,-1.3720398,6.385971,6.0227356,
69,-0.45487976,4.770096,8.110001,
70,-0.12107849,4.088852,10.039322,
71,-0.22564697,4.3302917,9.101822,
72,0.012924194,4.705719,8.740509,
73,-0.8458557,5.004593,9.164032,
74,-1.055481,5.0730286,8.542618,
75,-0.71928406,4.939987,8.749115,
76,-0.6228485,4.8414,8.617035,
77,-0.49412537,5.1062775,8.7586975,
78,-0.20936584,4.8258514,9.073349,
79,-0.3144226,4.767456,9.034821,
80,-0.4060669,4.8720245,8.892685,
81,-0.6855469,4.905533,8.844116,
82,-0.45654297,5.3316956,8.479202,
83,-0.78125,5.3242645,8.533997,
84,-0.8566284,5.301071,8.604828,
85,-0.83102417,5.1625214,8.633072,
86,-0.70373535,4.923233,8.957062,
87,-0.6932068,4.9251404,8.658676,
88,-0.56518555,4.83638,8.908722,
89,-0.35055542,4.8507233,8.931686,
90,-0.9855957,4.87059,8.969971,
91,-0.45918274,4.7653046,8.662506,
92,-0.33332825,4.796417,8.974274,
93,-0.21702576,4.754547,8.922119,
94,-0.26057434,4.774399,8.918045,
95,-0.26559448,4.7727203,8.819229,
96,-0.48023987,4.803116,8.703171,
97,-0.7970581,5.005066,8.932892,
98,-0.8123627,4.9222717,8.827835,
99,-1.409378,5.057953,8.528503,
100,-1.1540527,4.6322784,8.886948,
101,-0.6661682,3.986206,9.549042,
102,-0.37376404,4.077606,9.339432,
103,-1.6338196,5.3194885,8.129852,
104,-0.97579956,1.791748,8.97261,
105,-2.9359894,-2.9943848,10.415009,
106,-5.3977356,-0.8106842,10.35733,
107,-2.2612152,0.970047,9.323395,
108,0.015319824,0.7185669,10.214478,
109,-0.107910156,0.67692566,10.145813,
110,-0.055038452,0.65037537,10.149643,
111,-0.07035828,0.6829071,10.157776,
112,-0.059829712,0.6687927,10.145569,
113,-0.060302734,0.66185,10.153946,
114,-0.055267334,0.6642456,10.141495,
115,-0.055984497,0.6314697,10.15036,
116,-0.060302734,0.6704712,10.156815,
117,-0.055999756,0.65467834,10.144608,
118,-0.05479431,0.66018677,10.147003,
119,-0.060302734,0.66256714,10.143646,
120,-0.055755615,0.6520386,10.147247,
121,-0.053833008,0.6549225,10.144852,
122,-0.05718994,0.66711426,10.14006,
123,-0.05407715,0.66256714,10.14151,
124,-0.05671692,0.6687927,10.140549,
125,-0.05456543,0.66664124,10.137192,
126,-0.055999756,0.6661682,10.140549,
127,-0.05456543,0.6616211,10.140549,
128,-0.07369995,0.6762085,10.132416,
129,-0.04547119,0.62931824,10.150589,
130,-0.055999756,0.6632843,10.134079,
131,-0.053604126,0.657547,10.136963,
132,-0.05241394,0.65779114,10.138153,
133,-0.05455017,0.6587372,10.138153,
134,-0.065322876,0.6719055,10.139114,
135,-0.06149292,0.66567993,10.1427,
136,-0.057662964,0.6522827,10.116852,
137,-0.06700134,0.65371704,10.106812,
138,-0.048568726,0.64797974,10.10466,
139,-0.060775757,0.6513214,10.102264,
140,-0.052886963,0.65037537,10.105133,
141,-0.060546875,0.6501312,10.101303,
142,-0.062454224,0.6446228,10.096283,
143,-0.05407715,0.6422272,10.094116,
144,-0.057662964,0.64678955,10.096283,
145,-0.055999756,0.6441498,10.097473,
146,-0.06341553,0.6455841,10.0950775,
147,-0.055755615,0.64271545,10.0950775,
148,-0.058380127,0.6451111,10.094131,
149,-0.055984497,0.6465454,10.093643,
150,-0.05671692,0.64486694,10.095795,
151,-0.055511475,0.6451111,10.095322,
152,-0.05911255,0.6446228,10.0950775,
153,-0.05456543,0.64175415,10.095322,
154,-0.05958557,0.6467743,10.09819,
155,-0.057434082,0.64701843,10.096512,
156,-0.057434082,0.64701843,10.096039,
157,-0.053833008,0.64367676,10.098907,
158,-0.058151245,0.64175415,10.098434,
159,-0.055282593,0.6446228,10.09819,
160,-0.05647278,0.6451111,10.098907,
161,-0.060302734,0.6431885,10.100342,
162,-0.060775757,0.64079285,10.097229,
163,-0.060531616,0.6465454,10.096756,
164,-0.05718994,0.64486694,10.100098,
165,-0.060775757,0.64582825,10.099625,
166,-0.057907104,0.64390564,10.101547,
167,-0.058624268,0.64486694,10.100586,
168,-0.060546875,0.64582825,10.103928,
169,-0.057434082,0.6472626,10.10466,
170,-0.05647278,0.6443939,10.106323,
171,-0.057662964,0.64390564,10.104889,
172,-0.05909729,0.64582825,10.102493,
173,-0.05958557,0.6345825,10.098907,
174,-0.055038452,0.6443939,10.099396,
175,-0.061019897,0.6465454,10.105133,
176,-0.051452637,0.64845276,10.115662,
177,-0.059814453,0.64845276,10.117569,
178,-0.0569458,0.6491699,10.112305,
179,-0.058151245,0.64582825,10.106812,
180,-0.05909729,0.6486969,10.107758,
181,-0.055999756,0.6455841,10.10968,
182,-0.060775757,0.6501312,10.112793,
183,-0.057662964,0.6486969,10.113739,
184,-0.060302734,0.64941406,10.111343,
185,-0.043548584,0.6513214,10.117096,
186,-0.0717926,0.65563965,10.108963,
187,-0.053604126,0.6565857,10.114456,
188,-0.06843567,0.66711426,10.111588,
189,-0.0423584,0.65156555,10.113739,
190,-0.057434082,0.6637726,10.116135,
191,-0.053359985,0.65682983,10.1147,
192,-0.055511475,0.67430115,10.114456,
193,-0.048812866,0.6709442,10.116135,
194,-0.053833008,0.6896057,10.1158905,
195,-0.053359985,0.68769836,10.117813,
196,-0.053359985,0.6855469,10.117096,
197,-0.0471344,0.68865967,10.1154175,
198,-0.050247192,0.68888855,10.114944,
199,-0.05455017,0.68984985,10.116379,
200,-0.05432129,0.6869812,10.116852,
201,-0.053115845,0.6865082,10.119965,
202,-0.050964355,0.690567,10.119492,
203,-0.052871704,0.6912842,10.118774,
204,-0.050491333,0.6891327,10.117813,
205,-0.048812866,0.6896057,10.116623,
206,-0.050247192,0.690567,10.117813,
207,-0.05479431,0.69200134,10.119492,
208,-0.048812866,0.69296265,10.118057,
209,-0.047851562,0.6884155,10.115662,
210,-0.05455017,0.68937683,10.114227,
211,-0.048812866,0.6903229,10.117325,
212,-0.050247192,0.6927185,10.117096,
213,-0.04977417,0.6917572,10.117813,
214,-0.052642822,0.6936798,10.117813,
215,-0.049057007,0.6903229,10.117813,
216,-0.04977417,0.69296265,10.119003,
217,-0.049057007,0.69104004,10.121399,
218,-0.048095703,0.6884155,10.116623,
219,-0.05000305,0.6884155,10.11972,
220,-0.046905518,0.69177246,10.119965,
221,-0.0521698,0.6932068,10.119492,
222,-0.048095703,0.69247437,10.116135,
223,-0.050964355,0.69415283,10.117813,
224,-0.049057007,0.6939087,10.117096,
225,-0.033737183,0.6762085,10.143417,
226,-0.069625854,0.7142639,10.0946045,
227,-0.049057007,0.69392395,10.117569,
228,-0.046661377,0.6963196,10.120438,
229,-0.05192566,0.6977539,10.119492,
230,-0.049301147,0.7013397,10.120682,
231,-0.048568726,0.7044525,10.121887,
232,-0.04714966,0.70062256,10.120453,
233,-0.048812866,0.7015686,10.125229,
234,-0.055511475,0.71617126,10.119003,
235,-0.048339844,0.70539856,10.119736,
236,-0.052886963,0.71377563,10.120682,
237,-0.044036865,0.70947266,10.125702,
238,-0.050491333,0.7082825,10.11972,
239,-0.050735474,0.70396423,10.120453,
240,-0.053833008,0.67333984,10.1158905,
241,-0.050735474,0.6510925,10.11972,
242,-0.05432129,0.6518097,10.119247,
243,-0.055984497,0.65515137,10.115662,
244,-0.05239868,0.6513214,10.116852,
245,-0.057662964,0.65371704,10.10968,
246,-0.046188354,0.65371704,10.117096,
247,-0.05647278,0.6814728,10.116135,
248,-0.05479431,0.6798096,10.108002,
249,-0.05000305,0.68315125,10.107285,
250,-0.05192566,0.68673706,10.106812,
251,-0.046905518,0.6855469,10.105606,
252,-0.055282593,0.68530273,10.112793,
253,-0.05192566,0.6874542,10.093399,
254,-0.0569458,0.6879425,10.101776,
255,-0.051452637,0.68984985,10.101776,
256,-0.052886963,0.6838684,10.100815,
257,-0.04737854,0.68769836,10.10083,
258,-0.05456543,0.68673706,10.099869,
259,-0.05192566,0.6879425,10.096512,
260,-0.055755615,0.68888855,10.0950775,
261,-0.04762268,0.68577576,10.094131,
262,-0.05456543,0.68865967,10.093399,
263,-0.053359985,0.6865082,10.093414,
264,-0.05432129,0.6860199,10.091019,
265,-0.052886963,0.68865967,10.09317,
266,-0.0569458,0.6826782,10.091248,
267,-0.050247192,0.6826782,10.090286,
268,-0.053604126,0.6814728,10.088135,
269,-0.07537842,0.6589813,10.066376,
270,-0.044036865,0.6879425,10.105606,
271,-0.057434082,0.6793213,10.08934,
272,-0.051208496,0.6795654,10.085754,
273,-0.053115845,0.68411255,10.084793,
274,-0.044265747,0.67645264,10.086945,
275,-0.052886963,0.6833954,10.080719,
276,-0.046417236,0.68673706,10.08049,
277,-0.05168152,0.68434143,10.081436,
278,-0.039718628,0.674057,10.090057,
279,-0.050491333,0.6814728,10.07283,
280,-0.049301147,0.6829071,10.082642,
281,-0.048339844,0.68315125,10.082397,
282,-0.048095703,0.6826782,10.080002,
283,-0.055282593,0.6829071,10.08551,
284,-0.053115845,0.68937683,10.070435,
285,-0.046417236,0.6797943,10.0867,
286,-0.050964355,0.6869812,10.079529,
287,-0.051208496,0.68411255,10.0785675,
288,-0.051208496,0.68362427,10.080246,
289,-0.04977417,0.6824341,10.079529,
290,-0.04067993,0.68722534,10.100098,
291,-0.050964355,0.6719055,10.058228,
292,-0.046417236,0.68052673,10.0780945,
293,-0.045700073,0.6776428,10.080002,
294,-0.04522705,0.6781311,10.08168,
295,-0.045700073,0.68362427,10.079041,
296,-0.044036865,0.6817169,10.079056,
297,-0.04762268,0.68362427,10.077606,
298,-0.043548584,0.6829071,10.0785675,
299,-0.046905518,0.6814728,10.082397,
300,-0.046188354,0.6850586,10.079529,
301,-0.048095703,0.68196106,10.082886,
302,-0.03996277,0.6771698,10.077606,
303,-0.047851562,0.6802826,10.081207,
304,-0.04977417,0.67477417,10.081207,
305,-0.046417236,0.6520386,10.082642,
306,-0.048812866,0.6542053,10.075943,
307,-0.048568726,0.6398468,10.083588,
308,-0.048339844,0.64175415,10.082153,
309,-0.05168152,0.6455841,10.082153,
310,-0.0521698,0.6510925,10.079056,
311,-0.046661377,0.6388855,10.079285,
312,-0.04762268,0.6403198,10.07785,
313,-0.04977417,0.6431885,10.082397,
314,-0.048812866,0.64271545,10.0780945,
315,-0.048812866,0.6403198,10.079041,
316,-0.04762268,0.63720703,10.079056,
317,-0.050964355,0.64056396,10.079285,
318,-0.048339844,0.6434326,10.080963,
319,-0.050491333,0.6431885,10.0780945,
320,-0.048095703,0.636734,10.082153,
321,-0.050491333,0.63720703,10.079285,
322,-0.046661377,0.63864136,10.077377,
323,-0.050247192,0.641037,10.0780945,
324,-0.049301147,0.6400757,10.080963,
325,-0.051208496,0.6398468,10.08168,
326,-0.048583984,0.63960266,10.0780945,
327,-0.048568726,0.6398468,10.08168,
328,-0.050247192,0.6424713,10.079285,
329,-0.048812866,0.63960266,10.079056,
330,-0.050491333,0.6384125,10.0785675,
331,-0.048339844,0.6412811,10.080246,
332,-0.04977417,0.64175415,10.08168,
333,-0.047851562,0.64056396,10.0828705,
334,-0.050491333,0.641037,10.083359,
335,-0.049057007,0.641037,10.085266,
336,-0.048568726,0.63960266,10.084549,
337,-0.047851562,0.64175415,10.086227,
338,-0.050491333,0.64175415,10.084793,
339,-0.048339844,0.6403198,10.085754,
340,-0.050735474,0.63960266,10.088623,
341,-0.0471344,0.64294434,10.086945,
342,-0.050247192,0.6400757,10.086945,
343,-0.04953003,0.6376953,10.089584,
344,-0.049057007,0.64630127,10.087662,
345,-0.046661377,0.64271545,10.096283,
346,-0.046417236,0.6419983,10.090057,
347,-0.049301147,0.6419983,10.091019,
348,-0.048812866,0.6446228,10.092682,
349,-0.046188354,0.6443939,10.091492,
350,-0.048583984,0.6429596,10.09317,
351,-0.046905518,0.63720703,10.092453,
352,-0.0471344,0.6391144,10.091019,
353,-0.048339844,0.64533997,10.0946045,
354,-0.051208496,0.64486694,10.096039,
355,-0.0471344,0.6496582,10.084076,
356,-0.04762268,0.6510925,10.104416,
357,-0.047851562,0.6522827,10.089813,
358,-0.046661377,0.6510925,10.09317,
359,-0.05000305,0.65802,10.09317,
360,-0.027755737,0.6659241,10.086227,
361,-0.0569458,0.6431885,10.074738,
362,-0.052642822,0.66090393,10.091965,
363,-0.043792725,0.65515137,10.091019,
364,-0.05407715,0.65826416,10.090286,
365,-0.04737854,0.65467834,10.091492,
366,-0.052886963,0.6565857,10.089096,
367,-0.04762268,0.6539612,10.089569,
368,-0.04786682,0.6573181,10.091019,
369,-0.045700073,0.65586853,10.087662,
370,-0.048339844,0.6539612,10.087418,
371,-0.048583984,0.6594696,10.092209,
372,-0.049057007,0.65252686,10.090057,
373,-0.044021606,0.65875244,10.0903015,
374,-0.05001831,0.6594696,10.0903015,
375,-0.043319702,0.65682983,10.094116,
376,-0.05455017,0.66041565,10.094116,
377,-0.0423584,0.66090393,10.092682,
378,-0.055755615,0.65875244,10.093643,
379,-0.041870117,0.6594696,10.093887,
380,-0.049057007,0.65515137,10.096756,
381,-0.04473877,0.65826416,10.094833,
382,-0.049057007,0.6596985,10.095322,
383,-0.048095703,0.65730286,10.093887,
384,-0.04737854,0.65922546,10.098434,
385,-0.045700073,0.65922546,10.097717,
386,-0.048812866,0.6606598,10.098663,
387,-0.04737854,0.66090393,10.097229,
388,-0.045700073,0.6606598,10.100815,
389,-0.050491333,0.6561127,10.102737,
390,-0.0471344,0.6589813,10.101303,
391,-0.046417236,0.66018677,10.101776,
392,-0.050735474,0.6596985,10.106567,
393,-0.050491333,0.66185,10.102982,
394,-0.046661377,0.6553955,10.107285,
395,-0.048812866,0.66233826,10.105133,
396,-0.046661377,0.66256714,10.104645,
397,-0.044021606,0.6620941,10.108246,
398,-0.04977417,0.657547,10.102493,
399,-0.04498291,0.65730286,10.108246,
400,-0.0471344,0.66233826,10.108475,
401,-0.05001831,0.6647186,10.106567,
402,-0.048095703,0.6659241,10.109924,
403,-0.049057007,0.6632843,10.10968,
404,-0.04737854,0.6620941,10.106796,
405,-0.048583984,0.66041565,10.108719,
406,-0.04762268,0.6589813,10.109192,
407,-0.04953003,0.6630554,10.108475,
408,-0.048339844,0.66137695,10.10849,
409,-0.051452637,0.6611328,10.108963,
410,-0.048339844,0.6601715,10.11087,
411,-0.0471344,0.66018677,10.106567,
412,-0.048095703,0.6630554,10.108002,
413,-0.050735474,0.66448975,10.110397,
414,-0.3558197,5.897827,8.074814,
415,-0.5417328,5.5534973,8.611542,
416,-0.41348267,5.670746,8.547882,
417,-0.27182007,5.91362,8.047546,
418,-0.025360107,5.9356384,8.13559,
419,0.13543701,6.1816254,7.895355,
420,0.015792847,6.3086853,8.105682,
421,-0.06388855,6.378311,7.277054,
422,-0.47976685,6.317047,8.0360565,
423,-0.44937134,6.415161,7.861374,
424,-0.43070984,6.3754425,7.819031,
425,-0.6833954,6.4955597,7.7247467,
426,-0.3491211,6.4613495,7.6989136,
427,-0.29096985,6.4792786,7.7032166,
428,-0.29742432,6.473068,7.7355194,
429,-0.26895142,6.477371,7.6984253,
430,-0.21272278,6.481674,7.676178,
431,-0.20913696,6.394333,7.8795624,
432,-0.13136292,6.4405212,7.6345367,
433,-0.46372986,6.4304657,7.7922363,
434,-0.5797882,6.358444,7.8147125,
435,-0.53359985,6.2821198,7.9080353,
436,-0.5472412,6.3555756,7.836014,
437,-0.48335266,6.365143,7.7326508,
438,-0.4835968,6.356781,7.8625793,
439,-0.35365295,6.336914,7.758972,